# Made in Blockbench 5.0.5
mtllib Creeper de oro1.mtl

o cube
v 0.061464273396100576 0.2291983479606703 0.07876976507883639
v 0.18646427339610058 0.22919834796067057 0.07876976507883708
v 0.06146427339610032 0.08044459665606346 0.19291253301797123
v 0.1864642733961003 0.08044459665606374 0.19291253301797195
v 0.18646427339610167 0.11505558002153571 -0.06998398622576972
v 0.061464273396101665 0.11505558002153543 -0.06998398622577041
v 0.1864642733961014 -0.03369817128307118 0.04415878171336514
v 0.0614642733961014 -0.033698171283071454 0.044158781713364445
vt 0.375 0.625
vt 0.46875 0.625
vt 0.46875 0.53125
vt 0.375 0.53125
vt 0 0.4375
vt 0.0625 0.4375
vt 0.0625 0.34375
vt 0 0.34375
vt 0.4375 0.8125
vt 0.53125 0.8125
vt 0.53125 0.71875
vt 0.4375 0.71875
vt 0.5625 1
vt 0.625 1
vt 0.625 0.90625
vt 0.5625 0.90625
vt 0.15625 0.375
vt 0.0625 0.375
vt 0.0625 0.4375
vt 0.15625 0.4375
vt 0.65625 0.90625
vt 0.5625 0.90625
vt 0.5625 0.84375
vt 0.65625 0.84375
vn 1 2.413478034625543e-15 5.4249817480204495e-15
vn -5.890889826249261e-15 0.6087614290087192 0.7933533402912363
vn -1 -2.413478034625543e-15 -5.4249817480204495e-15
vn 5.890889826249261e-15 -0.6087614290087192 -0.7933533402912363
vn 1.4415466558258282e-15 0.7933533402912363 -0.6087614290087193
vn -1.4415466558258282e-15 -0.7933533402912363 0.6087614290087193
usemtl m_0edbbfc0-6d2f-47cc-5beb-655d1876e5eb
f 4/4/1 7/3/1 5/2/1 2/1/1
f 3/8/2 4/7/2 2/6/2 1/5/2
f 8/12/3 3/11/3 1/10/3 6/9/3
f 7/16/4 8/15/4 6/14/4 5/13/4
f 6/20/5 1/19/5 2/18/5 5/17/5
f 7/24/6 4/23/6 3/22/6 8/21/6
o cube
v -0.06353572660389939 0.5 0.007285726603899381
v 0.06146427339610061 0.5 0.0072857266038993534
v -0.06353572660389939 0.125 0.007285726603899381
v 0.06146427339610061 0.125 0.0072857266038993534
v 0.06146427339610058 0.5 -0.11771427339610065
v -0.06353572660389942 0.5 -0.11771427339610062
v 0.06146427339610058 0.125 -0.11771427339610065
v -0.06353572660389942 0.125 -0.11771427339610062
vt 0.1875 0.625
vt 0.25 0.625
vt 0.25 0.4375
vt 0.1875 0.4375
vt 0.375 0.8125
vt 0.4375 0.8125
vt 0.4375 0.625
vt 0.375 0.625
vt 0.25 0.625
vt 0.3125 0.625
vt 0.3125 0.4375
vt 0.25 0.4375
vt 0.3125 0.625
vt 0.375 0.625
vt 0.375 0.4375
vt 0.3125 0.4375
vt 0.34375 0.3125
vt 0.28125 0.3125
vt 0.28125 0.375
vt 0.34375 0.375
vt 0.6875 0.71875
vt 0.625 0.71875
vt 0.625 0.65625
vt 0.6875 0.65625
vn 1 -1.165592393275421e-19 -2.220446049250313e-16
vn 2.220446049250313e-16 -2.588135024684626e-35 1
vn -1 1.165592393275421e-19 2.220446049250313e-16
vn -2.220446049250313e-16 2.588135024684626e-35 -1
vn 1.165592393275421e-19 1 -1.8072259420058102e-36
vn -1.165592393275421e-19 -1 1.8072259420058102e-36
usemtl m_0edbbfc0-6d2f-47cc-5beb-655d1876e5eb
f 12/28/7 15/27/7 13/26/7 10/25/7
f 11/32/8 12/31/8 10/30/8 9/29/8
f 16/36/9 11/35/9 9/34/9 14/33/9
f 15/40/10 16/39/10 14/38/10 13/37/10
f 14/44/11 9/43/11 10/42/11 13/41/11
f 15/48/12 12/47/12 11/46/12 16/45/12
o cabeza
v -0.18853572660389936 0.875 0.13228572660389942
v 0.18646427339610064 0.875 0.1322857266038993
v -0.18853572660389936 0.5 0.13228572660389942
v 0.18646427339610064 0.5 0.1322857266038993
v 0.18646427339610055 0.875 -0.2427142733961007
v -0.18853572660389945 0.875 -0.24271427339610058
v 0.18646427339610055 0.5 -0.2427142733961007
v -0.18853572660389945 0.5 -0.24271427339610058
vt 0 1
vt 0.1875 1
vt 0.1875 0.8125
vt 0 0.8125
vt 0 0.8125
vt 0.1875 0.8125
vt 0.1875 0.625
vt 0 0.625
vt 0.1875 1
vt 0.375 1
vt 0.375 0.8125
vt 0.1875 0.8125
vt 0.1875 0.8125
vt 0.375 0.8125
vt 0.375 0.625
vt 0.1875 0.625
vt 0.1875 0.4375
vt 0 0.4375
vt 0 0.625
vt 0.1875 0.625
vt 0.5625 1
vt 0.375 1
vt 0.375 0.8125
vt 0.5625 0.8125
vn 1 -1.165592393275421e-19 -2.220446049250313e-16
vn 2.220446049250313e-16 -2.588135024684626e-35 1
vn -1 1.165592393275421e-19 2.220446049250313e-16
vn -2.220446049250313e-16 2.588135024684626e-35 -1
vn 1.165592393275421e-19 1 -1.8072259420058102e-36
vn -1.165592393275421e-19 -1 1.8072259420058102e-36
usemtl m_0edbbfc0-6d2f-47cc-5beb-655d1876e5eb
f 20/52/13 23/51/13 21/50/13 18/49/13
f 19/56/14 20/55/14 18/54/14 17/53/14
f 24/60/15 19/59/15 17/58/15 22/57/15
f 23/64/16 24/63/16 22/62/16 21/61/16
f 22/68/17 17/67/17 18/66/17 21/65/17
f 23/72/18 20/71/18 19/70/18 24/69/18
o cube
v -0.05804771677382026 0.4582408986924894 0.1580410240328435
v -0.05804771677382026 0.4582408986924894 0.1580410240328435
v -0.037604761937380264 0.42615188733206555 0.20762560780104572
v -0.037604761937380264 0.42615188733206555 0.20762560780104572
v -0.004764161896429671 0.3746024711039009 0.0819458454067535
v -0.004764161896429671 0.3746024711039009 0.0819458454067535
v 0.015678792940010323 0.342513459743477 0.13153042917495572
v 0.015678792940010323 0.342513459743477 0.13153042917495572
vt 0.5625 0.84375
vt 0.625 0.84375
vt 0.625 0.8125
vt 0.5625 0.8125
vt 0 1
vt 0 1
vt 0 0.96875
vt 0 0.96875
vt 0.5625 0.46875
vt 0.625 0.46875
vt 0.625 0.4375
vt 0.5625 0.4375
vt 0 1
vt 0 1
vt 0 0.96875
vt 0 0.96875
vt 0.0625 1
vt 0 1
vt 0 1
vt 0.0625 1
vt 0.0625 1
vt 0 1
vt 0 1
vt 0.0625 1
vn 0.8433914458128854 0.5372996083468244 -2.248201624865942e-15
vn -0.4262684390191247 0.6691074207087079 0.6087614290087201
vn -0.8433914458128854 -0.5372996083468244 2.248201624865942e-15
vn 0.4262684390191247 -0.6691074207087079 -0.6087614290087201
vn -0.3270872773830399 0.5134241817667817 -0.7933533402912357
vn 0.3270872773830399 -0.5134241817667817 0.7933533402912357
usemtl m_0edbbfc0-6d2f-47cc-5beb-655d1876e5eb
f 28/76/19 31/75/19 29/74/19 26/73/19
f 27/80/20 28/79/20 26/78/20 25/77/20
f 32/84/21 27/83/21 25/82/21 30/81/21
f 31/88/22 32/87/22 30/86/22 29/85/22
f 30/92/23 25/91/23 26/90/23 29/89/23
f 31/96/24 28/95/24 27/94/24 32/93/24
o cube
v -0.0010357266038993603 0.3999999999999999 0.13228572660389937
v -0.0010357266038993603 0.3999999999999999 0.13228572660389937
v -0.0010357266038993603 0.3374999999999999 0.13228572660389937
v -0.0010357266038993603 0.3374999999999999 0.13228572660389937
v -0.001035726603899388 0.3999999999999999 0.007285726603899367
v -0.001035726603899388 0.3999999999999999 0.007285726603899367
v -0.001035726603899388 0.3374999999999999 0.007285726603899367
v -0.001035726603899388 0.3374999999999999 0.007285726603899367
vt 0.34375 0.375
vt 0.40625 0.375
vt 0.40625 0.34375
vt 0.34375 0.34375
vt 0 1
vt 0 1
vt 0 0.96875
vt 0 0.96875
vt 0.625 0.65625
vt 0.6875 0.65625
vt 0.6875 0.625
vt 0.625 0.625
vt 0 1
vt 0 1
vt 0 0.96875
vt 0 0.96875
vt 0.0625 1
vt 0 1
vt 0 1
vt 0.0625 1
vt 0.0625 1
vt 0 1
vt 0 1
vt 0.0625 1
vn 1 -1.165592393275421e-19 -2.220446049250313e-16
vn 2.220446049250313e-16 -2.588135024684626e-35 1
vn -1 1.165592393275421e-19 2.220446049250313e-16
vn -2.220446049250313e-16 2.588135024684626e-35 -1
vn 1.165592393275421e-19 1 -1.8072259420058102e-36
vn -1.165592393275421e-19 -1 1.8072259420058102e-36
usemtl m_0edbbfc0-6d2f-47cc-5beb-655d1876e5eb
f 36/100/25 39/99/25 37/98/25 34/97/25
f 35/104/26 36/103/26 34/102/26 33/101/26
f 40/108/27 35/107/27 33/106/27 38/105/27
f 39/112/28 40/111/28 38/110/28 37/109/28
f 38/116/29 33/115/29 34/114/29 37/113/29
f 39/120/30 36/119/30 35/118/30 40/117/30
o cube
v -0.01742051835198144 0.3944689712910366 0.257144105028624
v -0.01742051835198144 0.3944689712910366 0.257144105028624
v 0.009221259086713932 0.3526497574967424 0.21909651571557903
v 0.009221259086713932 0.3526497574967424 0.21909651571557903
v -0.058306428024860815 0.45864699401188463 0.15797493749221952
v -0.058306428024860815 0.45864699401188463 0.15797493749221952
v -0.031664650586165445 0.4168277802175904 0.11992734817917454
v -0.031664650586165445 0.4168277802175904 0.11992734817917454
vt 0.625 0.625
vt 0.6875 0.625
vt 0.6875 0.59375
vt 0.625 0.59375
vt 0 1
vt 0 1
vt 0 0.96875
vt 0 0.96875
vt 0.40625 0.375
vt 0.46875 0.375
vt 0.46875 0.34375
vt 0.40625 0.34375
vt 0 1
vt 0 1
vt 0 0.96875
vt 0 0.96875
vt 0.0625 1
vt 0 1
vt 0 1
vt 0.0625 1
vt 0.0625 1
vt 0 1
vt 0 1
vt 0.0625 1
vn 0.8433914458128866 0.5372996083468224 2.942091015256665e-15
vn 0.32708727738303506 -0.5134241817667842 0.793353340291236
vn -0.8433914458128866 -0.5372996083468224 -2.942091015256665e-15
vn -0.32708727738303506 0.5134241817667842 -0.793353340291236
vn -0.42626843901912603 0.6691074207087075 0.6087614290087197
vn 0.42626843901912603 -0.6691074207087075 -0.6087614290087197
usemtl m_0edbbfc0-6d2f-47cc-5beb-655d1876e5eb
f 44/124/31 47/123/31 45/122/31 42/121/31
f 43/128/32 44/127/32 42/126/32 41/125/32
f 48/132/33 43/131/33 41/130/33 46/129/33
f 47/136/34 48/135/34 46/134/34 45/133/34
f 46/140/35 41/139/35 42/138/35 45/137/35
f 47/144/36 44/143/36 43/142/36 48/141/36
o cube
v 0.01534906514418155 0.3430310287089629 0.2508941050286241
v 0.01534906514418155 0.3430310287089629 0.2508941050286241
v -0.01129271229451377 0.38485024250325706 0.21284651571557897
v -0.01129271229451377 0.38485024250325706 0.21284651571557897
v 0.05623497481706171 0.278853005988115 0.1517249374922198
v 0.05623497481706171 0.278853005988115 0.1517249374922198
v 0.029593197378366395 0.3206722197824092 0.1136773481791747
v 0.029593197378366395 0.3206722197824092 0.1136773481791747
vt 0.625 0.59375
vt 0.6875 0.59375
vt 0.6875 0.5625
vt 0.625 0.5625
vt 0 1
vt 0 1
vt 0 0.96875
vt 0 0.96875
vt 0.625 0.5625
vt 0.6875 0.5625
vt 0.6875 0.53125
vt 0.625 0.53125
vt 0 1
vt 0 1
vt 0 0.96875
vt 0 0.96875
vt 0.0625 1
vt 0 1
vt 0 1
vt 0.0625 1
vt 0.0625 1
vt 0 1
vt 0 1
vt 0.0625 1
vn -0.8433914458128846 -0.5372996083468258 -1.6930901125533637e-15
vn -0.3270872773830412 0.5134241817667828 0.7933533402912343
vn 0.8433914458128846 0.5372996083468258 1.6930901125533637e-15
vn 0.3270872773830412 -0.5134241817667828 -0.7933533402912343
vn 0.42626843901912537 -0.669107420708706 0.6087614290087218
vn -0.42626843901912537 0.669107420708706 -0.6087614290087218
usemtl m_0edbbfc0-6d2f-47cc-5beb-655d1876e5eb
f 52/148/37 55/147/37 53/146/37 50/145/37
f 51/152/38 52/151/38 50/150/38 49/149/38
f 56/156/39 51/155/39 49/154/39 54/153/39
f 55/160/40 56/159/40 54/158/40 53/157/40
f 54/164/41 49/163/41 50/162/41 53/161/41
f 55/168/42 52/167/42 51/166/42 56/165/42
o cube
v 0.05597626356602198 0.27925910130751086 0.15179102403284353
v 0.05597626356602198 0.27925910130751086 0.15179102403284353
v 0.03553330872958189 0.3113481126679347 0.20137560780104571
v 0.03553330872958189 0.3113481126679347 0.20137560780104571
v 0.0026927086886313414 0.36289752889609916 0.07569584540675339
v 0.0026927086886313414 0.36289752889609916 0.07569584540675339
v -0.01775024614780875 0.3949865402565231 0.1252804291749556
v -0.01775024614780875 0.3949865402565231 0.1252804291749556
vt 0.53125 0.375
vt 0.59375 0.375
vt 0.59375 0.34375
vt 0.53125 0.34375
vt 0 1
vt 0 1
vt 0 0.96875
vt 0 0.96875
vt 0.625 0.46875
vt 0.6875 0.46875
vt 0.6875 0.4375
vt 0.625 0.4375
vt 0 1
vt 0 1
vt 0 0.96875
vt 0 0.96875
vt 0.0625 1
vt 0 1
vt 0 1
vt 0.0625 1
vt 0.0625 1
vt 0 1
vt 0 1
vt 0.0625 1
vn -0.8433914458128846 -0.5372996083468256 -2.4147350785597147e-15
vn 0.42626843901912526 -0.6691074207087068 0.6087614290087211
vn 0.8433914458128846 0.5372996083468256 2.4147350785597147e-15
vn -0.42626843901912526 0.6691074207087068 -0.6087614290087211
vn 0.3270872773830414 -0.5134241817667818 -0.793353340291235
vn -0.3270872773830414 0.5134241817667818 0.793353340291235
usemtl m_0edbbfc0-6d2f-47cc-5beb-655d1876e5eb
f 60/172/43 63/171/43 61/170/43 58/169/43
f 59/176/44 60/175/44 58/174/44 57/173/44
f 64/180/45 59/179/45 57/178/45 62/177/45
f 63/184/46 64/183/46 62/182/46 61/181/46
f 62/188/47 57/187/47 58/186/47 61/185/47
f 63/192/48 60/191/48 59/190/48 64/189/48
o cube
v -0.18853572660389942 0.22919834796066968 0.078769765078835
v -0.06353572660389942 0.22919834796066996 0.0787697650788357
v -0.1885357266038997 0.08044459665606285 0.19291253301796984
v -0.06353572660389968 0.08044459665606313 0.19291253301797057
v -0.06353572660389833 0.1150555800215351 -0.06998398622577111
v -0.18853572660389833 0.11505558002153482 -0.0699839862257718
v -0.0635357266038986 -0.03369817128307179 0.04415878171336375
v -0.1885357266038986 -0.033698171283072065 0.04415878171336306
vt 0.375 0.625
vt 0.46875 0.625
vt 0.46875 0.53125
vt 0.375 0.53125
vt 0 0.4375
vt 0.0625 0.4375
vt 0.0625 0.34375
vt 0 0.34375
vt 0.4375 0.8125
vt 0.53125 0.8125
vt 0.53125 0.71875
vt 0.4375 0.71875
vt 0.5625 1
vt 0.625 1
vt 0.625 0.90625
vt 0.5625 0.90625
vt 0.15625 0.375
vt 0.0625 0.375
vt 0.0625 0.4375
vt 0.15625 0.4375
vt 0.65625 0.90625
vt 0.5625 0.90625
vt 0.5625 0.84375
vt 0.65625 0.84375
vn 1 2.413478034625543e-15 5.4249817480204495e-15
vn -5.890889826249261e-15 0.6087614290087192 0.7933533402912363
vn -1 -2.413478034625543e-15 -5.4249817480204495e-15
vn 5.890889826249261e-15 -0.6087614290087192 -0.7933533402912363
vn 1.4415466558258282e-15 0.7933533402912363 -0.6087614290087193
vn -1.4415466558258282e-15 -0.7933533402912363 0.6087614290087193
usemtl m_0edbbfc0-6d2f-47cc-5beb-655d1876e5eb
f 68/196/49 71/195/49 69/194/49 66/193/49
f 67/200/50 68/199/50 66/198/50 65/197/50
f 72/204/51 67/203/51 65/202/51 70/201/51
f 71/208/52 72/207/52 70/206/52 69/205/52
f 70/212/53 65/211/53 66/210/53 69/209/53
f 71/216/54 68/215/54 67/214/54 72/213/54
o cube
v -0.18853572660389797 0.20293487461322354 -0.26924685183706515
v -0.063535726603898 0.20293487461322385 -0.2692468518370647
v -0.18853572660389858 0.17846121357196387 -0.08335094032947572
v -0.06353572660389861 0.17846121357196418 -0.08335094032947528
v -0.0635357266038975 0.017038963105634464 -0.29372051287832435
v -0.18853572660389747 0.017038963105634186 -0.2937205128783248
v -0.06353572660389811 -0.007434697935625234 -0.10782460137073492
v -0.18853572660389809 -0.007434697935625512 -0.10782460137073537
vt 0.375 0.625
vt 0.46875 0.625
vt 0.46875 0.53125
vt 0.375 0.53125
vt 0 0.4375
vt 0.0625 0.4375
vt 0.0625 0.34375
vt 0 0.34375
vt 0.4375 0.8125
vt 0.53125 0.8125
vt 0.53125 0.71875
vt 0.4375 0.71875
vt 0.5625 1
vt 0.625 1
vt 0.625 0.90625
vt 0.5625 0.90625
vt 0.15625 0.375
vt 0.0625 0.375
vt 0.0625 0.4375
vt 0.15625 0.4375
vt 0.65625 0.90625
vt 0.5625 0.90625
vt 0.5625 0.84375
vt 0.65625 0.84375
vn 1 2.2142458980223194e-15 3.594930133999768e-15
vn -2.775244505303273e-15 0.9914448613738105 0.13052619222005157
vn -1 -2.2142458980223194e-15 -3.594930133999768e-15
vn 2.775244505303273e-15 -0.9914448613738105 -0.13052619222005157
vn 3.2180020345485675e-15 0.13052619222005146 -0.9914448613738104
vn -3.2180020345485675e-15 -0.13052619222005146 0.9914448613738104
usemtl m_0edbbfc0-6d2f-47cc-5beb-655d1876e5eb
f 76/220/55 79/219/55 77/218/55 74/217/55
f 75/224/56 76/223/56 74/222/56 73/221/56
f 80/228/57 75/227/57 73/226/57 78/225/57
f 79/232/58 80/231/58 78/230/58 77/229/58
f 78/236/59 73/235/59 74/234/59 77/233/59
f 79/240/60 76/239/60 75/238/60 80/237/60
o cube
v 0.061464273396102 0.20293487461322413 -0.26924685183706426
v 0.18646427339610197 0.20293487461322443 -0.2692468518370638
v 0.061464273396101374 0.17846121357196446 -0.08335094032947483
v 0.18646427339610136 0.17846121357196476 -0.08335094032947439
v 0.18646427339610247 0.017038963105635074 -0.29372051287832346
v 0.0614642733961025 0.017038963105634797 -0.2937205128783239
v 0.18646427339610186 -0.0074346979356246234 -0.10782460137073403
v 0.06146427339610187 -0.007434697935624901 -0.10782460137073448
vt 0.375 0.625
vt 0.46875 0.625
vt 0.46875 0.53125
vt 0.375 0.53125
vt 0 0.4375
vt 0.0625 0.4375
vt 0.0625 0.34375
vt 0 0.34375
vt 0.4375 0.8125
vt 0.53125 0.8125
vt 0.53125 0.71875
vt 0.4375 0.71875
vt 0.5625 1
vt 0.625 1
vt 0.625 0.90625
vt 0.5625 0.90625
vt 0.15625 0.375
vt 0.0625 0.375
vt 0.0625 0.4375
vt 0.15625 0.4375
vt 0.65625 0.90625
vt 0.5625 0.90625
vt 0.5625 0.84375
vt 0.65625 0.84375
vn 1 2.2142458980223194e-15 3.594930133999768e-15
vn -2.775244505303273e-15 0.9914448613738105 0.13052619222005157
vn -1 -2.2142458980223194e-15 -3.594930133999768e-15
vn 2.775244505303273e-15 -0.9914448613738105 -0.13052619222005157
vn 3.2180020345485675e-15 0.13052619222005146 -0.9914448613738104
vn -3.2180020345485675e-15 -0.13052619222005146 0.9914448613738104
usemtl m_0edbbfc0-6d2f-47cc-5beb-655d1876e5eb
f 84/244/61 87/243/61 85/242/61 82/241/61
f 83/248/62 84/247/62 82/246/62 81/245/62
f 88/252/63 83/251/63 81/250/63 86/249/63
f 87/256/64 88/255/64 86/254/64 85/253/64
f 86/260/65 81/259/65 82/258/65 85/257/65
f 87/264/66 84/263/66 83/262/66 88/261/66